No	pt_word	pt_word_art	pt_ipa_PT	pt_ipa_BR	pt_type_gender	pt_notes	en_word	en_ipa_US	en_ipa_UK	en_type	en_marker	en_notes	es_word	es_ipa_ES	es_ipa_LA	es_type_gender	es_marker	es_notes	image	fr_word	fr_word_art	fr_ipa	fr_type_gender	fr_notes	de_word	de_word_art	de_ipa	de_type_gender	de_notes	val_word	val_ipa	cat_ipa	val_type_gender	val_notes	it_word	it_ipa	it_type_gender	it_notes	en_pron	pt_pron	es_pron	fr_pron	de_pron	it_pron	val_pron	tags
6014	jardineiro, jardineira	o jardineiro, a jardineira	/ʒɐɾdinej'ɾu/, /ʒɐɾdinej'ɾɐ/	/ʒaʁ.dʒi'nej.ɾu/, /ʒaʁ.dʒi'nej.ɾɐ/	sm, sf		gardener	/'ɡɑɹdənɚ/	/'ɡɑːdnər/	n	*		jardinero, jardinera	/xaɾði'neɾo/, /xaɾði'neɾa/		sm, sf	*			jardinier, jardinière		/ʒaʁ.dinje/, /ʒaʁ.di.njɛʁ/	sm, sf		Gärtner, Gärtnerin	der, die	/ˈɡɛʁtnɐ/, /ˈɡɛʁtnɛʁɪn/	sm, sf		jardiner	/ʒar.diˈneɾ/		sm		giardiniere	/dʒar.diˈnjɛ.re/	sm									
6015	contabilista	o contabilista	/kõtɐbi'liʃtɐ/	/kõtabi'liʃta/	sm		accountant	/ə'kaʊntənt/	/ə'kaʊntənt/	n	*		contable	/kon'taβle/		sm/f	*			comptable, comptable		/kɔ̃.tabl/	sm/f		Buchhalter, Buchhalterin	der, die	/ˈbʊxˌhal.tɐ/, /ˈbʊxˌhal.təʁɪn/	sm, sf		comptador	/kõm.pˈta.dor/		sm		contabile	/konˈta.bile/	sm/f									
6016	comerciante	o comerciante	/kumɨɾsi'ɐ̃tɨ/	/komeɾsi'ɐ̃tʃi/	sm		merchant	/'mɝtʃənt/	/'mɜːtʃənt/	n	*		comerciante	/komersi'ante/		sm/f	*			commerçant, commerçante		/kɔ.mɛʁ.sɑ̃/, /kɔ.mɛʁ.sɑ̃t/	sm		Händler, Händlerin	der, die	/ˈhɛnd.lɐ/, /ˈhɛnd.ləʁɪn/	sm, sf		comerciant	/ko.mer.siˈãnt/		sm		commerciante	/kom.merˈʧan.te/	sm									
6017	agente de seguros	o agente de seguros	/ɐ'ʒẽtɨ dɨ sɨ'ɡuɾuʃ/	/a'ʒẽtʃi dʒi se'ɡuɾus/	sm		insurance agent	/ɪn'ʃʊɹəns 'eɪdʒənt/	/ɪn'ʃʊərəns 'eɪdʒənt/	n	*		agente de seguros	/a'xente ðe se'ɣuɾos/		sm/f	*			agent d'assurance, agente d'assurance	l', l'	/a.ʒɑ̃ d‿a.sy.ʁɑ̃s/, /a.ʒɑ̃t d‿a.sy.ʁɑ̃s/	sm/f		Versicherungsagent, Versicherungsagentin	der, die	/fɛɐ̯ˈzɪçəʁʊŋsˌʔaˌɡɛnt/, /fɛɐ̯ˈzɪçəʁʊŋsˌʔaˌɡɛntɪn/	sm, sf		agent d'assegurances	/aˈʒent dasɛɡuˈɾansɛs/		sm/f		agente di assicurazioni	/aˈdʒɛn.te di assi.ku.raˈzi.o.ni/	sm/f									
6018	gestor, gestora	o gestor, a gestora	/ʒɨʃ'toɾ/, /ʒɨʃ'toɾɐ/	/ʒɛs'toɾ/, /ʒɛs'toɾɐ/	sm, sf		manager	/'mænɪdʒɚ/	/'mænɪdʒə/	n	*		gerente, gerenta	/xe'rente/, /xe'renta/		sm/f, sf	*			gestionnaire, gestionnaire		/ʒɛs.tjɔ.nɛʁ/	sm		Manager, Managerin	der, die	/ˈmanɪd͡ʒɐ/, /ˌmanɪˈʁiːn/	sm, sf		gerent	/ʒeˈɾent/		sm		manager	/ˈmæn.ɪ.dʒər/	sm									
6019	réporter	o réporter	/ʁe'poɾtɨɾ/	/'ʁɛ.poʁ.teʁ/	sm		reporter	/ɹɪ'pɔɹtɚ/	/ɹɪ'pɔːtə/	n	*		reportero, reportera	/repoɾ'teɾo/, /repoɾ'teɾa/		sm, sf	*			reporter, reportère		/ʁə.pɔʁ.tɛʁ/, /ʁə.pɔʁ.tɛʁɛs/	sm, sf		Reporter, Reporterin	der, die	/ʁəˈpɔʁtɐ/, /ʁəˈpɔʁtəʁɪn/	sm, sf		periodista	/pe.ɾjoˈdis.ta/		sm/f		giornalista	/dʒor.naˈli.sta/	sm/f									
6020	funcionario, funcionaria	o funcionario, a funcionaria	/funsiu'naɾiu/, /funsiu'nɐɾjɐ/	/fũ.si.o.na'ɾi.u/, /fũ.si.o.na'ɾi.ɐ/	sm, sf		employee	/ɪm'plɔɪ.iː/	/ɪm'plɔɪ.iː/	n	*		empleado, empleada	/em'pleaðo/, /em'pleaða/		sm, sf	*			employé, employée	l'	/ɑ̃.plɔ.je/, /ɑ̃.plɔ.jɛ/	sm/f		Mitarbeiter, Mitarbeiterin	der, die	/ˈmiːtɐˌbaɪtɐ/, /ˌmiːtɐˈbaɪtəʁɪn/	sm, sf		empleat	/em.plɛˈjat/		sm		dipendente	/diˈpen.den.te/	sm									
6021	secretária, secretário	a secretária, o secretário	/sɨkɾi.tɐ'ɾiɐ/, /sɨkɾi'taɾju/	/se.kɾe'ta.ɾi.ɐ/, /se.kɾe'ta.ɾi.u/	sf, sm		secretary	/'sɛkrəˌtɛri/	/'sɛkrətri/	n	*		secretaria, secretario	/se.kɾe'ta.ɾja/, /se.kɾe'ta.ɾjo/		sf, sm	*			secrétaire, secrétaire	la	/sɛ.kʁɛ.tɛʁ/, /sɛ.kʁɛ.tɛʁɛ/	sf		Sekretärin, Sekretär	die, der	/zeˈkʁeːtɛʁɪn/, /zəˈkʁeːtɛʁ/	sf, sm		secretari	/se.kɾeˈta.ɾi/		sm		segretaria	/se.ɡreˈta.ri.a/	sf									
6022	advogado, advogada	o advogado, a advogada	/ɐd.voˈɡa.du/, /ɐd.voˈɡa.dɐ/	/ɐd.voˈɡa.du/, /ɐd.voˈɡa.dɐ/	sm, sf		lawyer	/ˈlɔɪ.ər/	/ˈlɔɪ.ə/	n	*		abogado, abogada	/a.boˈɣa.ðo/, /a.boˈɣa.ða/		sm, sf	*			avocat, avocate	l', l'	/a.vo.ka/, /a.vo.kat/	sm/f		Anwalt, Anwältin	der, die	/ˈʔanvalt/, /ˈʔanvɛltɪn/	sm, sf		advocat	/ad.voˈkat/		sm		avvocato	/av.voˈka.to/	sm									
6023	florista	a florista	/flo.ˈɾiʃ.tɐ/	/flo.ˈɾiʃ.tɐ/	sm/f		florist	/ˈflɔrɪst/	/ˈflɒrɪst/	n	*		florista	/floˈɾista/		sm/f	*			fleuriste, fleuriste		/flœ.ʁist/	sm/f		Florist, Floristin	der, die	/ˈfloːʁɪst/, /flɔˈʁɪstɪn/	sm, sf		florista	/floˈɾis.ta/		sm/f		fioraio	/fjoˈra.jo/	sm									
6024	engenheiro informático, engenheira informática	o engenheiro informático, a engenheira informática	/ẽ.ʒeˈɲej.ɾu ĩ.fɔɾ.mɐˈtiku/, /ẽ.ʒẽˈɲej.ɾɐ ĩ.fɔɾ.mɐˈtikɐ/	/ẽ.ʒẽˈɲej.ɾu ĩ.fɔɾˈmatʃiku/,/ẽ.ʒẽˈɲej.ɾɐ ĩ.fɔɾˈmatʃikɐ/	sm, sf		computer engineer	/kəmˈpjuː.tər ˌɛndʒɪˈnɪər/	/kəmˈpjuː.tər ˌɛndʒɪˈnɪə/	n	*		ingeniero informático, ingeniera informática	/inxeɾˈnjeɾo inforˈmatiko/, /inxeɾˈnjeɾa inforˈmatika/		sm, sf				ingénieur informaticien, ingénieure informaticienne	l', l'	/ɛ̃.ʒe.njœʁ ɛ̃.fɔʁ.ma.ti.sjɛ̃/, /ɛ̃.ʒe.njœʁ ɛ̃.fɔʁ.ma.ti.sjɛn/	sm/f		Informatiker, Informatikerin	der, die	/ˌɪnfoʁmaˈtiːkɐ/, /ˌɪnfoʁmaˈtiːkəʁɪn/	sm, sf		enginyer informàtic	/en.ʒiˈɲe in.forˈma.tik/		sm		ingegnere informatico	/inˈdʒɛɲe.re in.formaˈti.ko/	sm									
6025	pianista	o/a pianista	/pi.ɐ.ˈniʃ.tɐ/	/pi.ɐ.ˈniʃ.tɐ/	sm/f		pianist	/piˈænɪst/	/ˈpiːənɪst/	n	*		pianista	/pjaˈnista/		sm/f	*			pianiste, pianiste		/pja.nist/, /pja.nistɛ/	sm/f		Pianist, Pianistin	der, die	/piˈaːnɪst/, /piˈaːnɪstɪn/	sm, sf		pianista	/pjaˈnis.ta/		sm/f		pianista	/pjaˈni.sta/	sm/f									
6026	dentista	o/a dentista	/dẽˈtis.tɐ/	/dẽˈtis.tɐ/	sm/f		dentist	/ˈdɛntɪst/	/ˈdɛntɪst/	n	*		dentista	/denˈtista/		sm/f	*			dentiste, dentiste		/dɑ̃.tist/, /dɑ̃.tistɛ/	sm/f		Zahnarzt, Zahnärztin	der, die	/ˈtsaːnˌʔaʁts/, /ˈtsaːnˌʔɛʁtsɪn/	sm, sf		dentista	/denˈtis.ta/		sm/f		dentista	/ˈdɛn.ti.sta/	sm/f									
6027	cabeleireira, cabeleireiro	a cabeleireira, o cabeleireiro	/ka.bɨ.lej.ˈɾej.ɾɐ/, /ka.bɨ.lej.ˈɾej.ɾu/	/ka.be.lej.ˈɾej.ɾɐ/, /ka.be.lej.ˈɾej.ɾu/	sf, sm		hairdresser	/ˈhɛrˌdresər/	/ˈhɛəˌdrɛsə/	n	*		peluquero, peluquera	/peluˈkeɾo/, /peluˈkeɾa/		sm, sf				coiffeur, coiffeuse		/kwafœʁ/, /kwaføz/	sm		Friseur, Friseurin	der, die	/ˈfʁiːzøːʁ/, /fʁiˈzøːʁɪn/	sm, sf		perruquer	/pe.ruˈkeɾ/		sm		parrucchiere	/par.ruk.kiˈɛ.re/	sm									
6028	instrutora de ioga, instrutor de ioga	a instrutora de ioga, o instrutor de ioga		/ĩʃ.tɾu.ˈto.ɾɐ dɨ iˈo.ɡɐ/, /ĩʃ.tɾu.ˈtoɾ dɨ iˈo.ɡɐ/	sf, sm		yoga instructor	/ˈjoʊ.ɡə ˌɪnˈstrʌktər/	/ˈjəʊ.ɡə ˌɪnˈstrʌktə/	n	*		instructor(a) de yoga	/instɾukˈtoɾ ðe ˈʝoɣa/, /instɾukˈtoɾa ðe ˈʝoɣa/		sm, sf	*			instructeur de yoga, instructrice de yoga	l'	/ɛ̃s.tʁyk.tœʁ də jo.ga/, /ɛ̃s.tʁyk.tʁis də jo.ga/	sm, sf		Yoga-Instrukteur, Yoga-Instrukteurin	der, die	/ˈjoːɡaˌɪ̯nstʁuˌktoːɐ̯/, /ˌjoːɡaˌɪ̯nstʁuˌktoːʁɪn/	sm, sf		instructor de ioga	/ins.tɾuk.toɾ de ˈjo.ɡa/		sm		istruttore di yoga	/is.truˈto.re di ˈjo.ga/	sm									
6029	cozinheiro, cozinheira	o cozinheiro, a cozinheira	/ko.zi.ˈɲej.ɾu/ , /ko.zi.ˈɲej.ɾɐ/	/ko.zi.ˈɲej.ɾu/, /ko.zi.ˈɲej.ɾɐ/	sm, sf		cook	/kʊk/	/kʊk/	n	*		cocinero, cocinera	/koθiˈneɾo/, /koθiˈneɾa/		sm, sf	*			cuisinier, cuisinière		/kɥi.zi.nje/, /kɥi.zi.njɛʁ/	sm/f		Koch, Köchin	der, die	/koχ/, /ˈkøːçɪn/	sm, sf		cuiner	/kwiˈneɾ/		sm		cuoco	/ˈkwo.ko/	sm									
6030	empregado de mesa, garçom	o empregado de mesa, o garçom	/ẽ.pɾe.ˈɡa.du dɨ ˈme.zɐ/, /gaɾˈsõ/	/ẽ.pɾe.ˈɡa.du dɨ ˈme.zɐ/, /gaʁˈsõ/	sm		waiter	/ˈweɪtər/	/ˈweɪtə/	n	*		camarero	/kamaˈɾeɾo/		sm	*			serveur	le	/sɛʁ.vœʁ/	sm		Kellner	der 	/ˈkɛlnɐ/	sm, sf		cambrer	/kamˈbɾeɾ/		sm		cameriere	/ka.meˈrje.re/	sm									
6031	empregada de mesa, garçonete	a empregada de mesa, a/o garçonete	/ẽ.pɾe.ˈɡa.dɐ dɨ ˈme.zɐ/,/gaɾ.soˈnɛ.tɨ/	/ẽ.pɾe.ˈɡa.dɐ dɨ ˈme.zɐ/, /gaʁ.soˈnɛ.tʃi/	sf		waitress	/ˈweɪ.trɪs/	/ˈweɪ.trɪs/	n	*		camarera	/kamaˈɾeɾa/		sf	*			serveuse	la	 /sɛʁ.vøz/	sf		Kellnerin	die	 /ˈkɛlnəʁɪn/	sm, sf		cambrera	/kamˈbe.ɾa/		sf		cameriera	/ka.meˈrje.ra/	sf									
6032	enfermeiro, enfermeira	o enfermeiro, a enfermeira	/ẽ.ferˈmej.ɾu/, /ẽ.ferˈmej.ɾɐ/	/ẽ.ferˈmej.ɾu/ , /ẽ.ferˈmej.ɾɐ/	sm, sf		nurse	/nɜːrs/	/nɜːs/	n	*		enfermero, enfermera	/enfeɾˈmeɾo/, /enfeɾˈmeɾa/		sm, sf	*			infirmier, infirmière	l', l'	/ɛ̃.fiʁ.mje/, /ɛ̃.fiʁ.mjɛʁ/	sm/f		Krankenpfleger, Krankenpflegerin	der, die	/ˈkʁaŋkənˌpfleːɡɐ/, /ˈkʁaŋkənˌpfleːɡəʁɪn/	sm, sf		infermer	/imˈfeɾ.mer/		sm		infermiere	/im.ferˈmjɛ.re/	sm									
6033	engenheiro, engenheira	o engenheiro, a engenheira	/ẽ.ʒeˈɲej.ɾu/, /ẽ.ʒẽˈɲej.ɾɐ/	/ẽ.ʒeˈɲej.ɾu/ , /ẽ.ʒẽˈɲej.ɾɐ/	sm, sf		engineer	/ˌɛndʒɪˈnɪr/	/ˌɛndʒɪˈnɪə/	n	*		ingeniero, ingeniera	/iŋxeˈnjero/, /in.xeˈnjeɾa/		sm, sf	*			ingénieur, ingénieure	l', l'	/ɛ̃.ʒe.njœʁ/, /ɛ̃.ʒe.njœʁ/	sm/f		Ingenieur, Ingenieurin	der, die	/ˌɪnɡəˈnøːɐ̯/, /ˌɪnɡəˈnøːʁɪn/	sm, sf		enginyer	/en.ʒiˈɲeɾ/		sm		ingegnere	/inˈdʒɛɲe.re/	sm									
6034	empresário, empresária	o empresário, a empresária	/ẽ.pre.zɐ.ˈɾju/, /ẽ.pre.zɐ.ˈɾi.ɐ/	/ẽ.pre.zɐ.ˈɾju/, /ẽ.pre.zɐ.ˈɾi.ɐ/	sm/f		businessman, businesswoman	/ˈbɪznɪsˌmæn/, /ˈbɪznɪsˌwʊmən/	/ˈbɪznɪsˌmæn/, /ˈbɪznɪsˌwʊmən/	n	*		empresario, empresaria	/emprezaˈɾjo/, /em.pre.saˈɾja/		sm, sf	*			homme d'affaires, femme d'affaires	l', la	/ɔm d‿a.fɛʁ, fam d‿a.fɛʁ/	sm/f		Geschäftsmann, Geschäftsfrau	der, die	/ˈɡɛʃɛftsmant/, /ˈɡɛʃɛftsfʁaʊ̯/	sm, sf		empresari, empresària	/em.prɛ.zɑ.ˈɾi, em.prɛ.zɑ.ˈɾi.a/		sm, sf		imprenditore, imprenditrice	/im.prɛn.dˈto.re, im.prɛn.dˈtri.tʃe/	sm, sf									
6035	químico, química	o químico, a química	/'kimi.ku/, /'kimi.kɐ/	/'kimi.ku/, /'kimi.kɐ/	sm, sf		chemist	/'kɛmɪst/	/'kɛmɪst/	n	*		químico, química	/'kimiko/, /'kimika/		sm, sf	*			chimiste, chimiste	le	/ʃi.mist/, /ʃi.mistɛ/	sm/f		Chemiker, Chemikerin	der, die	/ˈçɛmɪkɐ/, /ˈçɛmɪkəʁɪn/	sm, sf		químic	/ˈkimi/		sm		chimico	/ˈki.mi.ko/	sm									
6036	biologista	o/a biologista	/biuluʒ'ɨʃtɐ/	/biolodʒiʃ'tɐ/	sm, sf		biologist	/baɪ'ɒlədʒɪst/	/baɪ'ɒlədʒɪst/	n	*		biólogo, bióloga	/biˈoloɣo/, /biˈoloɣa/		sm, sf	*			biologiste, biologiste	le	/bjo.lɔ.ʒist/, /bjo.lɔ.ʒistɛ/	sm/f		Biologe, Biologin	der, die	/bi.oˈloːɡə/, /bi.oˈloːɡɪn/	sm, sf		biòleg	/biˈɔ.lɛɡ/		sm		biologo	/ˈbi.o.lo.go/	sm									
6037	garçom	o garçom	/gɐɾ'sõ/	/ɡaɾ'sõ/	sm		waiter	/'weɪtər/	/'weɪtə/	n	*		camarero	/kamaˈɾeɾo/		sm	*			serveur	le	/sɛʁ.vœʁ/	sm		Kellner	der 	/ˈkɛlnɐ/	sm, sf		cambrer	/kamˈbɾeɾ/		sm		cameriere	/ka.meˈrje.re/	sm									
6038	garçonete	a garçonete	/ɡɐɾsɔ'netɨ/	/ɡaɾsɔ'netʃi/	sf		waitress	/'weɪtrɪs/	/'weɪtrɪs/	n	*		camarera	/kamaˈɾeɾa/		sf	*			serveuse	la	 /sɛʁ.vøz/	sf		Kellnerin	die	 /ˈkɛlnəʁɪn/	sm, sf		cambrera	/kamˈbe.ɾa/		sf		cameriera	/ka.meˈrje.ra/	sf									
6039	aeromoça, aeromoço	a aeromoça, o aeromoço	/e̞.ɾu'mɔ.mɔ.sɐ/, /e̞.ɾu'mɔ.mɔ.su/	/a.e̞.ɾu'mɔ.mɔ.sɐ/, /a.e̞.ɾu'mɔ.mɔ.su/	sf, sm		flight attendant	/flaɪt ə'tɛndənt/	/flaɪt ə'tɛndənt/	n	*		azafata, azafato	/aθaˈfata/, /aθaˈfato/		sf, sm	*			hôtesse de l'air, stewardess, steward	l', la	/ɔ.tɛs də l‿ɛʁ/, /stju.aʁ.dɛs/, /stju.aʁ/	sf, sm, sm		Flugbegleiter, Flugbegleiterin	der, die	/ˈfluːkˌbeːɡlaɪ̯tɐ/, /ˈfluːkˌbeːɡlaɪ̯təʁɪn/	sm, sf		auxiliar de vol	/aw.siˈli.aɾ de ˈvɔl/		sm		assistente di volo	/as.siˈstɛn.te di ˈvo.lo/	sm									
6040	hospedeira, hospedeiro	a hospedeira, o hospedeiro	/uʃpɨ'dejɾɐ/, /uʃpɨ'dejɾu/	/ɔs.pɨ'dej.ɾɐ/, /ɔs.pɨ'dej.ɾu/	sf, sm		stewardess, steward	/'stuːərdɪs/, /'stjuːərd/	/'stjuːədɪs/, /'stjuːəd/	n	*		azafata, azafato	/aθaˈfata/, /aθaˈfato/		sf, sm				hôtesse de l'air, stewardess, steward	l', la	/ɔ.tɛs də l‿ɛʁ/, /stju.aʁ.dɛs/, /stju.aʁ/	sf, sm, sm		Flugbegleiter, Flugbegleiterin	der, die	/ˈfluːkˌbeːɡlaɪ̯tɐ/, /ˈfluːkˌbeːɡlaɪ̯təʁɪn/	sm, sf		auxiliar de vol, auxiliar de vol	/aw.siˈli.aɾ de ˈvɔl/		sm, sf		assistente di volo, assistente di volo	/as.siˈstɛn.te di ˈvo.lo/	sm, sf									
6041	deputada, deputado	a deputada, o deputado	/dɨpu'tadɐ/, /dɨpu'tadu/	/depu'tadɐ/, /depu'tadu/	sf, sm		congresswoman, congressman	/ˈkɑːŋɡrɛswʊmən/, /ˈkɑːŋɡrɛsmən/	/ˈkɒŋɡrɛswʊmən/, /ˈkɒŋɡrɛsmən/	n	*		diputada, diputado	/dipuˈtaða/, /dipuˈtaðo/		sf, sm	*			députée, député	la, le	/de.py.te, de.py.te/	sf, sm		Kongressabgeordnete, Kongressabgeordneter	die, der	/ˈkɔnɡʁɛsˌʔapˌɡøːʁdˌneːtə/, /ˈkɔnɡʁɛsˌʔapˌɡøːʁdˌneːtɐ/	sf, sm		diputada, diputat	/di.pyˈta.ða, di.pyˈta/		sf, sm		deputato, deputato	/deˈpu.ta.to, deˈpu.ta/	sm, sf									
6042	taxista	a/o taxista	/tɐ'ʃistɐ/	/ta'ʃistɐ/	sf, sm		taxi driver	/ˈtæksi ˈdraɪvər/	/ˈtæksi ˈdraɪvə/	n	*		taxista	/taxista/		sm/f	*			chauffeur de taxi, chauffeuse de taxi	le, la	/ʃo.fœʁ də tɑ.ksi/, /ʃo.føz də tɑ.ksi/	sm, sf		Taxifahrer, Taxifahrerin	der, die	/ˈtak͡siˌfaːʁɐ/, /ˈtak͡siˌfaːʁəʁɪn/	sm, sf		taxista	/taˈʃis.ta/		sm/f		tassista	/tasˈsi.sta/	sm/f									
6043	empregado de mesa, empregada de mesa	o/a empregado de mesa, a/o empregada de mesa	/ẽpɾɨ'ɡadu dɨ 'mɛzɐ/, /ẽpɾɨ'ɡadɐ dɨ 'mɛzɐ/	/ẽpɾɨ'ɡadu dʒi 'meza/, /ẽpɾɨ'ɡadɐ dʒi 'meza/	sm, sf		waiter, waitress	/ˈweɪtər/, /ˈweɪtrɪs/	/ˈweɪtər/, /ˈweɪtrɪs/	n	*		camarero, camarera	/kamaˈɾeɾo/, /kamaˈɾeɾa/		sm, sf	*			serveur	le	/sɛʁ.vœʁ/	sm		Kellner	der 	/ˈkɛlnɐ/	sm, sf		cambrer	/kamˈbɾeɾ/		sm		cameriere	/ka.meˈrje.re/	sm									
6044	funcionário, funcionária	o funcionário, a funcionária	/fũsiʊ'nariu/, /fũsiʊ'narjɐ/	/fũsiũ'naɾiu/, /fũsiũ'naɾjɐ/	sm, sf		employee	/ɪmˈplɔɪi/	/ɪmˈplɔɪi/	n	*		empleado, empleada	/emˈpleaðo/, /emˈpleaða/		sm, sf	*			employé, employée	l'	/ɑ̃.plɔ.je/, /ɑ̃.plɔ.jɛ/	sm/f		Mitarbeiter, Mitarbeiterin	der, die	/ˈmiːtɐˌbaɪtɐ/, /ˌmiːtɐˈbaɪtəʁɪn/	sm, sf		empleat	/em.plɛˈjat/		sm		dipendente	/diˈpen.den.te/	sm									
6045	funcionário público, funcionária pública	o funcionário público, a funcionária pública	/fũsiʊ'nariu 'publiku/, /fũsiʊ'narjɐ 'publikɐ/	/fũsiũ'naɾiu 'publiku/, /fũsiũ'naɾjɐ 'publikɐ/	sm, sf		civil servant	/ˈsɪvəl ˈsɜrvənt/	/ˈsɪvəl ˈsɜːvənt/	n	*		funcionario público, funcionaria pública	/funθjoˈnaɾjo ˈpubliko/, /funθjoˈnaɾja ˈpublika/		sm, sf	*			fonctionnaire public, fonctionnaire publique	le, la	/fɔ̃k.sjɔ.nɛʁ py.blik/, /fɔ̃k.sjɔ.nɛʁ py.blik/	sm/f		Beamter, Beamtin	der, die	/ˈbeːamtɐ/, /ˈbeːamtɪn/	sm, sf		funcionari públic	/fun.si.oˈna.ɾi ˈpub.lik/		sm		funzionario pubblico	/fun.ʦjo.naˈri.o ˈpub.bli.ko/	sm									
6046	paquete	o/a paquete	/pɐ'kɛtɨ/	/pa'kɛtʃi/	sm, sf		bellboy	/bɛl bɔɪ/	/bɛl bɔɪ/	n	*		botones	/boˈtones/		sm/f	*			garçon d'hôtel, garçonne d'hôtel	le, la	/ɡaʁ.sɔ̃ d‿ɔ.tɛl/, /ɡaʁ.sɔn d‿ɔ.tɛlɛ/	sm, sf		Page, Page	der, die	/paʒə/, /paʒə/	sm, sf		picapedrer	/pi.kaˈpe.dɾeɾ/		sm		facchino	/fakˈki.no/	sm									
6047	juiz, juíza	o juiz, a juíza	/ʒu'iʒ/, /ʒu'izɐ/	/ʒu'iz/, /ʒu'izɐ/	sm, sf		judge	/dʒʌdʒ/	/dʒʌdʒ/	n	*		juez, jueza	/xweθ/, /ˈxweθa/		sm/f, sf	*			juge, juge	le	/ʒyʒ/, /ʒyʒɛʁ/	sm		Richter, Richterin	der, die	/ˈʁɪçtɐ/, /ˈʁɪçtəʁɪn/	sm, sf		jutge	/ʒuʧ/		sm/f		giudice	/ˈdʒwi.de/	sm/f									
6048	caixa	o caixa	/'kajʃɐ/	/'kajʃɐ/	sm		cashier	/ˈkæʃɪər/	/ˈkæʃɪə/	n	*		cajero, cajera	/ka'xeɾo/, /ka'xeɾa/		sm, sf	*			caissier, caissière	le, la	/kɛ.sje/, /kɛ.sjɛʁ/	sm, sf		Kassierer, Kassiererin	der, die	/kasiˈʁɐ/, /kasiˈʁəʁɪn/	sm, sf		caixer	/kaɪ̯ˈʃeɾ/		sm		cassiere	/kaˈsjɛ.re/	sm									
6049	manequim da alta costura	a/o manequim da alta costura	/mɐnɨ'kẽj̃ dɐ 'awtɐ kɔs'tuɾɐ/	/mɐnɨ'kẽj̃ dɐ 'awtɐ kɔs'tuɾɐ/	sf, sm		fashion model	/ˈfæʃən ˈmɑdəl/	/ˈfæʃən ˈmɒdl̩/	n	*		modelo de moda	/mo'ðelo ðe 'moða/		sm/f	*			mannequin, mannequin	le, la	/mɑ.nə.kɛ̃/, /mɑ.nə.kɛ̃/	sm, sf		Model, Modelin	das, die	/ˈmoːdəl/, /ˈmoːdəˌliːn/	nt, sf		model de moda	/moˈdɛl de ˈmo.da/		sm		modella	/moˈdɛl.la/	sf									
6050	desportista	o/a desportista	/dɨʃpuɾ'tiʃtɐ/	/dɨspuʁ'tʃistɐ/	sm, sf		athlete	/'æθliːt/	/'æθliːt/	n	*		deportista	/depoɾˈtista/		sm/f	*			athlète, athlète	l'	/atlɛt/, /atlɛtɛ/	sm		Athlet, Athletin	der, die	/ˈaːtlet/, /aˈtletɪn/	sm, sf		atleta	/atˈle.ta/		sm/f		atleta	/aˈtle.ta/	sm/f									
6051	psicanalista	o/a psicanalista	/psikɐnɐ'liʃtɐ/	/psika'nalistɐ/	sm, sf		psychoanalyst	/ˌsaɪkoʊˈænəlɪst/	/ˌsaɪkəʊˈænəlɪst/	n	*		psicoanalista	/psikoanaˈlista/		sm/f	*			psychanalyste, psychanalyste	le, la	/psi.ka.na.list/, /psi.ka.na.listɛ/	sm, sf		Psychoanalytiker, Psychoanalytikerin	der, die	/psyçoˈʔaːnaˌliːtɪkɐ/, /psyçoˌʔaːnaˌliːtɪkəʁɪn/	sm, sf		psicoanalista	/psi.ko.a.naˈlist.a/		sm/f		psicanalista	/psi.kaˈnaːlis.ta/	sm/f									
6052	piloto	o/a piloto	/pi'lotu/	/pi'lotu/	sm, sf		pilot	/ˈpaɪlət/	/ˈpaɪlət/	n	*		piloto, pilota	/piˈloto/, /piˈlota/		sm/f, sf	*			pilote, pilote	le	/pi.lɔt/, /pi.lɔtɛ/	sm		Pilot, Pilotin	der, die	/piˈloːt/, /piˈloːtiːn/	sm, sf		pilot	/piˈlɔt/		sm		pilota	/ˈpi.lo.ta/	sm									
6053	agente de seguros	o/a agente de seguros	/a'ʒẽtɨ dɨ sɨ'ɡuɾuʃ/	/a'ʒẽtʃi dʒi si'ɡuɾus/	sm, sf		insurance agent	/ɪnˈʃʊrəns 'eɪdʒənt/	/ɪnˈʃʊərəns 'eɪdʒənt/	n	*		agente de seguros	/a'xente ðe 'seɣuɾos/		sm/f	*			agent d'assurance, agente d'assurance	l', l'	/a.ʒɑ̃ d‿a.sy.ʁɑ̃s/, /a.ʒɑ̃t d‿a.sy.ʁɑ̃s/	sm/f		Versicherungsagent, Versicherungsagentin	der, die	/fɛɐ̯ˈzɪçəʁʊŋsˌʔaˌɡɛnt/, /fɛɐ̯ˈzɪçəʁʊŋsˌʔaˌɡɛntɪn/	sm, sf		agent d'assegurances	/aˈʒent dasɛɡuˈɾansɛs/		sm/f		agente di assicurazioni	/aˈdʒɛn.te di assi.ku.raˈzi.o.ni/	sm/f									
6054	banqueiro, banqueira	o banqueiro, a banqueira	/bɐ̃'kɐjɾu/, /bɐ̃'kɐjɾɐ/	/bɐ̃'kejɾu/, /bɐ̃'kejɾɐ/	sm, sf		banker	/ˈbæŋkər/	/ˈbæŋkə/	n	*		banquero, banquera	/baŋ'keɾo/, /baŋ'keɾa/		sm, sf	*			banquier, banquière	le, la	/bɑ̃.kje, bɑ̃.kjeʁ/	sm, sf		Banker, Bankerin	der, die	/ˈbɑŋkɐ/, /ˈbɑŋkəʁɪn/	sm, sf		banquer, banquera	/bãˈke, bãˈke.ɾa/		sm, sf		banchiere	/banˈkjɛ.re/	sm									
6080	profissão	a profissão	/pɾuˈfi.sɐ̃w̃/	/pɾuˈfi.sɐ̃w̃/	sf		profession	/prəˈfɛʃən/	/prəˈfɛʃən/	n	*		profesión	/pɾofeˈsjon/		sf	*			profession, profession	la	/pʁɔ.fɛ.sjɔ̃/	sf		Beruf, Berufin	der, die	/bəˈʁuːf/, /bəˈʁuːfɪn/	sm, sf		professió	/pɾu.fɛs.siˈo/		sf		professione	/pro.fesˈsjɔ.ne/	sf									
6768	tradutor	o tradutor, a tradutora	/tɾɐ.du.'toɾ/	/tɾɐ.du.'toʁ/	sm		translator	/trænsˈleɪtər/	/trænsˈleɪtər/	n	*		traductor	/tɾaðukˈtoɾ/		sm	*			traducteur, traductrice	le, la	/tʁa.dyk.tœʁ, tʁa.dyk.tʁis/	sm, sf		Übersetzer, Übersetzerin	der, die	/ˌyːbɐˈzɛtsɐ/, /ˌyːbɐˈzɛtsɐʁɪn/	sm, sf		traductor	/tɾa.duɡˈtoɾ/		sm		traduttore	/traˈdut.to.re/	sm									
6769	farmacêutico, farmacêutica	o farmacêutico, a farmacêutica	/faɾ.mɐ.sɛu.'ti.ku/, /faɾ.mɐ.sɛu.'ti.kɐ/	/faʁ.ma.sew.'ti.ku/, /faʁ.ma.sew.'ti.kɐ/	sm		pharmacist	/ˈfɑːrməsɪst/	/ˈfɑːrməsɪst/	n	*		farmacéutico, farmacéutica	/farmaθe'utiko/, /farmaθe'utika/		sm, sf	*			pharmacien, pharmacienne	le, la	/faʁ.ma.sjɛ̃, faʁ.ma.sjɛn/	sm, sf		Apotheker, Apothekerin	der, die	/ˌʔapoˈteːkɐ/, /ˌʔapoˈteːkəʁɪn/	sm, sf		farmacèutic, farmacèutica	/faɾ.maˈθɛu.tik, faɾ.maˈθɛu.ti.ka/		sm, sf		farmacista	/far.maˈʧi.sta/	sm/f									
6770	jurista	o/a jurista	/ʒu.'ɾiʃ.tɐ/	/ʒu.'ɾiʃ.tɐ/	s m/f		jurist	/ˈdʒʊərɪst/	/ˈdʒʊərɪst/	n	*		jurista	/xuˈɾista/		sm/f	*			juriste, juriste	le, la	/ʒy.ʁist/, /ʒy.ʁistɛ/	sm, sf		Jurist, Juristin	der, die	/ˈjʊʁɪst/, /ˈjʊʁɪstɪn/	sm, sf		jurista	/ʒuˈɾis.ta/		sm/f		giurista	/dʒuˈrista/	sm/f									
8668	professor, professora	o professor, a professora	/pɾu.fɨs.ˈɔɾ/, /pɾu.fɨs.ˈɔ.ɾɐ/	/pɾu.fɛs.ˈɔʁ/, /pɾu.fɛs.ˈɔ.ɾɐ/	sm, sf		teacher	/ˈtiːtʃər/	/ˈtiːtʃər/	n	*		maestro, maestra	/maˈestɾo/, /maˈestɾa/		sm, sf	*			professeur, professeure	le, la	/pʁɔ.fɛ.sœʁ, pʁɔ.fɛ.sœʁ/	sm, sf		Lehrer, Lehrerin	der, die	/ˈleːʁɐ/, /ˈleːʁəʁɪn/	sm, sf		mestre	/ˈmɛs.tɾe/		sm		insegnante	/in.seˈɲan.te/	sm/f									
8675	artista	o/a artista	/ɐɾˈtiʃ.tu/	/ɐɾˈtiʃ.tu/			artist	/ˈɑr.tɪst/	/ˈɑːtɪst/	n	*		artista	/arˈtista/		sm/f	*			artiste, artiste	l'	/aʁ.tist/, /aʁ.tistɛ/	sm, sf		Künstler, Künstlerin	der, die	/ˈkʏnstlɐ/, /ˈkʏnstləʁɪn/	sm, sf		artista	/aɾˈtis.ta/		sm		artista	/arˈti.sta/	sm									
8676	designer	o/a designer	/de.ziˈɲeɾ/	/de.ziˈɲe.ɾu/			designer	/dɪˈzaɪnər/	/dɪˈzaɪnər/	n	*		diseñador, diseñadora	/diseˈɲaðoɾ/, /di.seˈɲa.ðo.ɾa/		sm, sf	*			designer, designer	le, la	/de.zi.ɲe/, /de.zi.ɲɛʁ/	sm, sf		Designer, Designerin	der, die	/dɛˈzaɪ̯nɐ/, /dɛˈzaɪ̯nəʁɪn/	sm, sf		dissenyador	/di.seɲˈja.dor/		sm		designer	/di.zaiˈne/	sm									
8677	agricultor, agricultora	o agricultor, a agricultora	/a.ɡri.kulˈtoɾ/, /a.gɾi.kulˈto.ɾɐ/	/a.ɡri.kulˈtoɾ/, /a.ɡɾi.kulˈto.ɾɐ/	sm, sf		farmer	/ˈfɑːmər/	/ˈfɑːrmər/	n			agricultor, agricultora	/agri.kulˈtoɾ/, /agri.kulˈtoɾa/		sm, sf	*			agriculteur, agricultrice	l', l'	/a.ɡʁi.kyl.tœʁ, a.ɡʁi.kyl.tʁis/	sm, sf		Bauer, Bäuerin	der, die	/baʊ̯.ɐ/, /ˈbɔʏ̯.ʁɪn/	sm, sf		agricultor	/aɡri.kulˈtoɾ/		sm		agricoltore	/aɡ.ri.kolˈto.re/	sm									
8678	arquiteto, arquiteta	o arquiteto, a arquiteta	/aɾ.kiˈtɛ.tu/, /aɾ.kiˈtɛ.tɐ/	/aɾ.kiˈtɛ.tu/ , /aɾ.kiˈtɛ.tɐ/	sm, sf		architect	/ˈɑːkɪtɛkt/	/ˈɑːkɪtɛkt/	n	*		arquitecto, arquitecta	/aɾkiˈtekto/, /aɾkiˈtekta/		sm, sf	*			architecte, architecte	l', l'	/aʁ.ʃi.tɛkt/, /aʁ.ʃi.tɛktɛs/	sm, sf		Architekt, Architektin	der, die	/arçiˈtɛkt/, /arçiˈtɛktɪn/	sm, sf		arquitecte	/aɾ.kiˈtɛk.te/		sm		architetto	/ar.kiˈtɛt.to/	sm									
8679	escritor, escritora	o escritor, a escritora	/ɨʃ.kɾiʃˈtoɾ/	/es.kɾiʃˈtoɾ/	sm, sf		writer	/ˈraɪtər/	/ˈraɪtər/	n	*		escritor, escritora	/es.kɾiˈtoɾ/, /es.kɾiˈtoɾa/		sm, sf	*			écrivain, écrivaine	l', l'	/e.kʁi.vɛ̃, e.kʁi.vɛ.n/	sm, sf		Schriftsteller, Schriftstellerin	der, die	/ˈʃʁɪftˌʃtɛlɐ/, /ˈʃʁɪftˌʃtɛlɐɪ̯n/	sm, sf		escriptor, escriptora	/es.kɾiˈtoɾ, es.kɾipˈtoɾa/		sm, sf		scrittore	/ˈskrit.to.re/	sm					, ,				
8680	médico, médica	o médico, a médica	/ˈme.di.ku/ , /ˈme.di.kɐ/	/ˈme.di.ku/ , /ˈme.di.kɐ/	sm, sf		doctor	/ˈdɑktər/	/ˈdɒktə/	n	*		médico, médica	/ˈmeðiko/, /ˈmeðika/		sm, sf	*	En español, las palabras "médico" y "doctor" a menudo se utilizan de manera intercambiable para referirse a un profesional de la medicina. Sin embargo, hay algunas distinciones:   Médico es un término más amplio que se refiere a cualquier profesional que haya completado la formación médica y esté autorizada para ejercer la medicina, incluyendo a los médicos generales, especialistas y cirujanos.   Doctor se usa con mayor frecuencia para referirse a alguien que ha obtenido un título de doctor en medicina (MD) o un doctorado en otro campo, médico o no médico.  En muchos países, obtener un título de MD es el requisito para practicar la medicina como médico.   En algunos contextos, "doctor" puede usarse para mostrar un mayor nivel de respeto o formalidad hacia un médico. Por ejemplo, un paciente puede referirse a su médico como "doctor" como muestra de cortesía.		médecin, médecin	le	/mɛd.sɛ̃/, /mɛd.sɛ̃/	sm		Arzt, Ärztin	der, die	/aʁt͡s/, /ˈɛʁtsɪn/	sm, sf		metge	/ˈmɛdʒə/		sm		medico	/ˈmɛ.di.ko/	sm									
8682	policial	o/a policial	/po.liˈsi.al/	/po.liˈsi.al/	sm/f		police officer	/pəˈliːs ˈɔfəsər/	/pəˈliːs ˈɒfɪsər/	n	*		policía	/poˈliθia/		sm/f	*			agent de police, agente de police	l', l'	/a.ʒɑ̃ də pɔ.lis/, /a.ʒɑ̃t də pɔ.lis/	sm/f		Polizist, Polizistin	der, die	/poˈliːt͡sɪst/, /poˈliːt͡sɪstɪn/	sm, sf		policia	/poˈli.si.a/		sm/f		agente di polizia	/aˈdʒɛn.te di poˈli.tsja/	sm/f									
8683	motorista	o/a motorista	/mu.to.ˈɾiʃ.tɐ/	/mu.to.ˈɾiʃ.tɐ/	sm/f		driver	/ˈdraɪvər/	/ˈdraɪvər/	n	*		conductor, conductora	/kondukˈtoɾ/, /kondukˈtoɾa/		sm, sf	*			conducteur, conductrice	le, la	/kɔ̃.dyk.tœʁ, kɔ̃.dyk.tʁis/	sm, sf		Fahrer, Fahrerin	der, die	/ˈfaːʁɐ/, /ˈfaːʁəʁɪn/	sm, sf		conductor	/kõ̯.du(k)ˈtoɾ/		sm		autista	/awˈti.sta/	sm									
8684	doutor	o doutor	/dow'toɾ/	/dow'toɾ/	sm		doctor	/ˈdɑktər/	/ˈdɒktər/	n	*		doctor, doctora	/ˈdoktoɾ/, /ˈdoktoɾa/		sm, sf	*			docteur, docteure	le, la	/dɔk.tœʁ, dɔk.tœʁ/	sm, sf		Arzt, Ärztin	der, die	/aʁt͡s/, /ˈɛʁtsɪn/	sm, sf		metge	/ˈmɛdʒə/		sm		medico	/ˈmɛ.di.ko/	sm									
8933	realizador, realizadora	o realizador, a realizadora	/ʁeɫi.zɐ.ˈdoɾ/, /ʁeɫi.zɐ.ˈðo.ɾɐ/	/ʁeɫi.za.ˈdoʁ/, /ʁeɫi.za.ˈðo.ɾɐ/	sm, sf		director (film)	/dɪˈrɛktər/	/dɪˈrɛktə/	n	*		director, directora	/diɾekˈtoɾ/, /diɾekˈtoɾa/		sm, sf	*			directeur, directrice	le, la	/di.ʁɛk.tœʁ, di.ʁɛk.tʁis/	sm, sf		Direktor, Direktorin	der, die	/dɪʁɛkˈtoːʁ/, /dɪʁɛkˈtoːʁɪn/	sm, sf		director, directora	/di.ɾɛkˈtoɾ, di.ɾɛkˈtoɾa/		sm, sf		direttore	/diˈrɛt.to.re/	sm									
9104	operário, operária	o operário, a operária	/u.pɨ.ɾɐ.'ɾi.u/, /u.pɨ.ɾɐ.'ɾi.ɐ/	/u.pe.ɾɐ.'ɾi.u/, /u.pe.ɾɐ.'ɾi.ɐ/	s		worker	/ˈwɜrkər/	/ˈwɜːrkər/	n	*		obrero, obrera			sm, sf	*			ouvrier, ouvrière	l', l'	/u.vʁje, u.vʁjɛʁ/	sm, sf		Arbeiter, Arbeiterin	der, die	/ˈʔaʁbaɪ̯tɐ/, /ˈʔaʁbaɪ̯təʁɪn/	sm, sf		obrer, obrera	/oˈbɾeɾ, oˈbɾeɾa/		sm, sf		operaio, operaia	/oˈpɛ.ra.jo, oˈpɛ.ra.ja/	sm, sf									
9111	palhaço, palhaça	o palhaço, a palhaça	/pɐ.ˈʎa.su/, /pɐ.ˈʎa.sɐ/	/pa.ˈʎa.su/, /pa.ˈʎa.sɐ/	s		clown	/klaʊn/	/klaʊn/	n	*		payaso	/paˈʝaso/		sm	*			clown, clowne	le, la	/klun, klun/	sm, sf		Clown	der, die	/klaʊ̯n/	sm		pallasso	/paˈʎas.o/		sm		pagliaccio	/paˈʎat.tʃo/	sm									
9147	soldado, soldada	o soldado, a soldada	/suɫ.'da.ðu/, /suɫ.'da.dɐ/	/sol.'da.du/, /sol.'da.dɐ/	s		soldier	/ˈsoʊldʒər/	/ˈsəʊldʒər/	n	*		soldado, soldada	/solˈdaðo/, /solˈdaða/		sm, sf	*			soldat, soldate	le, la	/sɔl.da, sɔl.dat/	sm, sf		Soldat, Soldatin	der, die	/ˈzɔl.daːt/, /zɔlˈdaːtɪn/	sm, sf		soldat, soldada	/ˈsɔl.dat, sɔlˈda.ða/		sm, sf		soldato, soldata	/ˈsol.da.to, solˈda.ta/	sm, sf									